verdict=MIXED_RESULT
grad2_median=0.11251905451705628
grad2_p95=0.3425568118956832
grad2_max=1.130983962823961
grad4_median=0.9451710791616352
grad4_p95=2.623072438321455
grad4_max=7.267613163841624
