B_OR_C_BUG
median=0.16604977380588962
p95=0.6017227956431794
max=1.656836979078358
median_angle_deg=6.704722475602452
max_angle_deg=103.52122926450991
