B_OR_C_BUG
median=0.11333416090197308
p95=0.3302778810255416
max=1.131320287058742
median_angle_deg=4.040166173625671
max_angle_deg=81.94538525659553
